348  
159  
275  
186  
328  
319  
57  
249  
352  
116  
67  
378  
307  
267  
190  
89  
144  
302  
184  
265  
215  
214  
381  
333  
315  
321  
279  
202  
115  
338  
198  
147  
81  
391  
388  
82  
327  
341  
69  
335  
28  
141  
55  
78  
5  
318  
368  
153  
396  
351  
377  
66  
12  
390  
71  
156  
362  
197  
13  
342  
316  
353  
166  
130  
49  
64  
243  
126  
178  
53  
22  
23  
39  
297  
284  
386  
70  
24  
196  
349  
108  
139  
19  
31  
385  
45  
257  
380  
163  
213  
373  
255  
347  
269  
226  
150  
155  
8  
209  
339