88  
318  
156  
129  
258  
347  
314  
303  
148  
334  
119  
207  
276  
1  
286  
128  
398  
109  
13  
229  
37  
44  
301  
199  
10  
49  
245  
348  
127  
308  
360  
346  
178  
230  
212  
55  
311  
45  
115  
235  
59  
97  
11  
201  
312  
194  
4  
47  
399  
87  
48  
370  
344  
66  
126  
278  
267  
381  
323  
274  
187  
64  
95  
396  
307  
94  
320  
205  
297  
284  
298  
9  
173  
185  
373  
120  
265  
365  
233  
238  
337  
200  
191  
22  
104  
65  
368  
74  
211  
299  
328  
195  
315  
161  
249  
388  
171  
106  
102  
217 